particle_id,geometry_id,tx,ty,tz,tt,tpx,tpy,tpz,te,deltapx,deltapy,deltapz,deltae,index
4503599660924928,1224979236083728395,32.8967857,-5.88657045,-6.65592718,0.113679051,6.32281733,-1.12124395,-1.27892089,6.54843569,0,0,0,0,1
4503599795142656,1224979236083728395,31.2666206,7.63261175,-4.26625109,0.108303599,8.51065063,2.08748555,-1.16156304,8.84020138,0,0,0,0,0
4503599694479360,1224979236083728396,32.1135826,0.608602345,7.81229687,0.110268511,9.61176014,0.19177407,2.33831096,9.89452267,0,0,0,0,0
4503599728033792,1224979236083728409,31.4778862,9.22458172,-11.2171898,0.115643091,8.35518646,2.45871806,-2.97836113,9.20522881,0,0,0,0,0
4503599795142656,1224979236083728409,32.2396355,7.87130737,-4.39905262,0.111674935,8.51050758,2.08806825,-1.16156268,8.84020138,0,0,0,0,1
4503599862251520,1224979236083728409,29.3355827,13.0303221,-11.5131397,0.113763377,6.07798529,2.71024442,-2.38691187,7.07077408,0,0,0,0,0
4503599761588224,1224979236083728410,26.0967579,18.7840195,4.38235998,0.108296745,2.76732564,2.00373626,0.465662152,3.44979048,0,0,0,0,0
4503600046800896,1224979236083728410,26.6088734,17.8741512,4.62587786,0.109898962,0.460081846,0.320614368,0.0809289068,0.576352358,0,0,0,0,0
4503599929360384,1224979236083728423,-19.1419659,-25.5987186,-4.55473089,0.107709989,-4.20842886,-5.64394808,-1.00320125,7.11214447,0,0,0,0,0
4503599644147712,1224979236083728424,-27.9578495,-18.6800938,14.97048,0.124175705,-0.524500906,-0.362553328,0.283866584,0.705896616,0,0,0,0,1
4503599677702144,1224979236083728424,-18.8639221,-25.816925,13.0618143,0.115226239,-3.56093621,-4.88967752,2.47102404,6.53500843,0,0,0,0,0
4503599962914816,1224979236083728424,-21.7042694,-23.5878563,13.6536245,0.116237894,-3.42853284,-3.74024749,2.16124701,5.51601648,0,0,0,0,0
4503599929360384,1224979236083728437,-20.5174026,-27.4437008,-4.88264942,0.115464553,-4.20732403,-5.64477158,-1.00320148,7.11214447,0,0,0,0,1
4503599979692032,1224979236083728437,-6.14633226,-31.4627151,-6.80574846,0.109322831,-1.683604,-8.66832829,-1.87466526,9.02773285,0,0,0,0,0
4503599677702144,1224979236083728438,-20.1277142,-27.5526829,13.93892,0.122963734,-3.55989695,-4.89043427,2.4710238,6.53500843,0,0,0,0,1
4503599946137600,1224979236083728451,4.10551929,-31.6919212,-16.4846935,0.119949333,1.18504703,-9.07331085,-4.72016716,10.2966223,0,0,0,0,0
4503599979692032,1224979236083728451,-6.43769026,-32.9632378,-7.13025761,0.114535511,-1.68270552,-8.66850281,-1.87466538,9.02773285,0,0,0,0,1
4503599996469248,1224979236083728452,-1.39179015,-32.354805,8.46793365,0.111680806,-0.197474077,-4.81623411,1.26039946,4.98346043,0,0,0,0,0
4503599778365440,1224979236083728466,14.2725925,-28.6362953,3.838691,0.107506707,2.89463544,-5.78627586,0.776221335,6.51717615,0,0,0,0,0
4503599660924928,1224979236083728493,31.5997086,-5.65647411,-6.39356375,0.109198041,6.32267952,-1.1220206,-1.27892113,6.54843569,0,0,0,0,0
4503599744811008,1224979236083728493,29.3354855,-13.7527304,2.00039649,0.108295284,5.34024525,-2.49284101,0.363874674,5.90559435,0,0,0,0,0
4503599811919872,1224979236083728507,18.2523613,26.2968674,-0.250994563,0.106806666,2.63798404,3.81745028,-0.0363774672,4.64159155,0,0,0,0,0
4503599761588224,1224979236083728508,26.9958115,19.4351311,4.53365612,0.112035513,2.76693559,2.00427461,0.465662599,3.44979048,0,0,0,0,1
4503599912583168,1224979236083728508,21.4730797,23.7692947,16.0391369,0.119567513,1.80663419,2.01413178,1.35477972,3.02774596,0,0,0,0,0
4503600046800896,1224979236083728508,27.8663025,18.7519398,4.84718847,0.115156278,0.459556162,0.321367234,0.0809295475,0.576352358,0,0,0,0,1
4503599811919872,1224979236083728521,19.2831287,27.7888737,-0.265210956,0.112857401,2.63709044,3.81806755,-0.036376711,4.64159155,0,0,0,0,1
4503599828697088,1224979236083728535,2.75238824,32.5188637,-8.79986286,0.112754226,0.757268667,9.06279087,-2.4522357,9.41977978,0,0,0,0,0
4503599895805952,1224979236083728535,-3.99146891,31.7056732,-6.21835995,0.108612224,-0.696905077,5.45918417,-1.07092834,5.60771084,0,0,0,0,0
4503599845474304,1224979236083728550,-10.7694435,30.6083088,7.33498001,0.111111253,-0.675328016,1.89010739,0.453724712,2.06048632,0,0,0,0,0
4503600013246464,1224979236083728563,-20.1721134,26.0567989,-2.98189163,0.110403113,-2.52953148,3.25134087,-0.372768521,4.13761616,0,0,0,0,0
4503599879028736,1224979236083728577,-29.9723625,11.4754028,1.3681972,0.107161716,-7.12740421,2.71855307,0.325197786,7.63592434,0,0,0,0,0
4503599711256576,1224979236083728605,-27.8289528,-15.7068214,-5.64264965,0.108457617,-1.42920673,-0.817637682,-0.290748715,1.67536914,0,0,0,0,0
4503600030023680,1224979236083728605,-30.0864944,-11.6963758,2.7268796,0.108129516,-2.70078397,-1.06032097,0.245099708,2.91371799,0,0,0,0,0
4503599644147712,1224979236083728606,-26.6595764,-17.7841015,14.2681971,0.118350402,-0.525037348,-0.361775875,0.283866763,0.705896616,0,0,0,0,0
4503599694479360,1224979373522681868,68.0223465,1.36523342,16.5482635,0.233573839,9.61130428,0.213274255,2.33832192,9.89452267,0,0,0,0,1
4503599728033792,1224979373522681881,64.9710236,19.1244717,-23.1606426,0.238774076,8.34926224,2.47877693,-2.97834802,9.20522881,0,0,0,0,1
4503599795142656,1224979373522681881,65.9346161,16.1808052,-8.99925327,0.228457496,8.50553322,2.10824704,-1.16155005,8.84020138,0,0,0,0,2
4503599845474304,1224979373522681896,-23.1431046,64.6577377,15.5246534,0.23516804,-0.695719838,1.88269567,0.453730196,2.06048632,0,0,0,0,1
4503600013246464,1224979373522681909,-41.6236496,53.4860764,-6.13289022,0.227067739,-2.54595661,3.23849535,-0.372767359,4.13761616,0,0,0,0,1
4503599879028736,1224979373522681951,-63.5213089,24.2176247,2.89809036,0.226989001,-7.13503504,2.69846225,0.325196326,7.63592434,0,0,0,0,1
4503600030023680,1224979373522682008,-63.6111259,-25.0022888,5.77375317,0.22894986,-2.69281578,-1.08039713,0.245098874,2.91371799,0,0,0,0,1
4503599711256576,1224979373522682021,-59.7886467,-34.2769279,-12.1696444,0.23391138,-1.41808629,-0.836775899,-0.290749878,1.67536914,0,0,0,0,1
4503599644147712,1224979373522682022,-55.9742317,-38.7233772,30.3073845,0.251392812,-0.512499273,-0.379330307,0.283864945,0.705896616,0,0,0,0,2
4503599728033792,1224979373522682035,66.640686,19.6202774,-23.7562523,0.244914547,8.34896564,2.47977686,-2.97834754,9.20522881,0,0,0,0,2
4503599862251520,1224979373522682035,62.0923119,27.700388,-24.386425,0.240967304,6.06920481,2.72986269,-2.3868978,7.07077408,0,0,0,0,1
4503599962914816,1224979373522682050,-45.866436,-50.0589676,28.9200058,0.246206015,-3.41268206,-3.75471663,2.16124511,5.51601648,0,0,0,0,1
4503599929360384,1224979373522682063,-41.0578766,-55.0863075,-9.79001045,0.231512994,-4.19077015,-5.65707207,-1.00320268,7.11214447,0,0,0,0,2
4503599677702144,1224979373522682064,-40.3563881,-55.441803,28.0131989,0.247121781,-3.54319715,-4.90254784,2.47102237,6.53500843,0,0,0,0,2
4503599979692032,1224979373522682091,-12.9843559,-66.901123,-14.4680634,0.232404709,-1.66238296,-8.67242241,-1.8746655,9.02773285,0,0,0,0,2
4503599996469248,1224979373522682106,-2.79333854,-68.523819,17.9324512,0.236505583,-0.175815582,-4.81707335,1.26039958,4.98346043,0,0,0,0,1
4503599946137600,1224979373522682119,8.93277931,-68.3072357,-35.5359421,0.25857386,1.20697069,-9.07041931,-4.72016764,10.2966223,0,0,0,0,1
4503599778365440,1224979373522682134,30.3339062,-60.6098785,8.131464,0.227730826,2.91378212,-5.77665806,0.776219904,6.51717615,0,0,0,0,1
4503599761588224,1224979373522682190,55.0044975,39.8536797,9.25788784,0.228776976,2.75470662,2.02104592,0.465676993,3.44979048,0,0,0,0,2
4503600046800896,1224979373522682190,55.728878,39.0093689,9.81940556,0.233262271,0.447423607,0.33805114,0.0809438527,0.576352358,0,0,0,0,2
4503599744811008,1224979373522682204,62.1806755,-29.0114155,4.23650551,0.229349971,5.3493824,-2.47317219,0.363878816,5.90559435,0,0,0,0,1
4503599660924928,1224979373522682217,66.9859848,-11.874979,-13.5491924,0.231412411,6.32640505,-1.10082889,-1.27891314,6.54843569,0,0,0,0,2
4503599912583168,1224979373522682232,45.2779846,50.5207825,33.9697571,0.253234148,1.79061019,2.02838087,1.35479438,3.02774596,0,0,0,0,1
4503599811919872,1224979373522682245,38.8252487,56.2177315,-0.535599053,0.227962941,2.62006569,3.82977057,-0.0363623314,4.64159155,0,0,0,0,2
4503599828697088,1224979373522682273,5.63168955,67.4635773,-18.2543774,0.233897164,0.736346781,9.06451797,-2.45222425,9.41977978,0,0,0,0,1
4503599828697088,1224979373522682287,5.74667645,68.8799057,-18.6375332,0.23880665,0.735498726,9.06458664,-2.45222378,9.41977978,0,0,0,0,2
4503599895805952,1224979373522682301,-8.74665737,68.368187,-13.412281,0.23426497,-0.71885699,5.45633888,-1.07091939,5.60771084,0,0,0,0,1
4503599694479360,1224979510961635340,113.891708,2.44865108,27.7081661,0.391091377,9.61065197,0.240741998,2.33833575,9.89452267,0,0,0,0,2
4503599828697088,1224979510961635395,9.28987503,113.358131,-30.6686821,0.392965436,0.708865762,9.06671238,-2.45220947,9.41977978,0,0,0,0,3
4503599895805952,1224979510961635423,-14.7532816,113.111389,-22.1968918,0.387702972,-0.745651066,5.45274401,-1.07090807,5.60771084,0,0,0,0,2
4503599845474304,1224979510961635452,-39.2718773,107.405418,25.8532829,0.391623437,-0.721323729,1.8730334,0.453737646,2.06048632,0,0,0,0,2
4503600013246464,1224979510961635479,-70.0456161,89.392601,-10.2767811,0.380494386,-2.56746078,3.22147369,-0.372765809,4.13761616,0,0,0,0,2
4503600013246464,1224979510961635493,-71.0836716,90.6947556,-10.4274721,0.386073679,-2.56824064,3.2208519,-0.37276575,4.13761616,0,0,0,0,3
4503599728033792,1224979510961635507,108.998375,32.2712822,-38.8734207,0.400765717,8.34139442,2.50514674,-2.97833109,9.20522881,0,0,0,0,3
4503599795142656,1224979510961635507,110.845642,27.3882351,-15.1348553,0.384220332,8.49882221,2.13514709,-1.16153324,8.84020138,0,0,0,0,3
4503599879028736,1224979510961635564,-106.768463,40.4840469,4.86783838,0.381267518,-7.14477777,2.67255974,0.325197488,7.63592434,0,0,0,0,2
4503600030023680,1224979510961635648,-105.876289,-42.1912003,9.62807465,0.381787539,-2.68252063,-1.10571098,0.245102242,2.91371799,0,0,0,0,2
4503599862251520,1224979510961635661,103.627304,46.4849014,-40.7363739,0.402526051,6.05796146,2.75473952,-2.38687968,7.07077408,0,0,0,0,2
4503599711256576,1224979510961635675,-98.1605225,-57.3424301,-20.0753326,0.385864973,-1.40427256,-0.859756768,-0.290749133,1.67536914,0,0,0,0,2
4503599644147712,1224979510961635690,-92.2563782,-66.807724,50.7354813,0.420841187,-0.495682985,-0.401056826,0.283862859,0.705896616,0,0,0,0,3
4503599962914816,1224979510961635718,-77.0460587,-84.5532379,48.7258797,0.414820582,-3.39202785,-3.77338791,2.16124201,5.51601648,0,0,0,0,2
4503599929360384,1224979510961635731,-68.3833771,-92.124054,-16.3486423,0.386610359,-4.16858816,-5.67343712,-1.00320363,7.11214447,0,0,0,0,3
4503599677702144,1224979510961635732,-67.1915817,-92.7508163,46.7871895,0.412739009,-3.52085662,-4.91861773,2.47102046,6.53500843,0,0,0,0,3
4503599979692032,1224979510961635773,-21.4780159,-111.583992,-24.1240311,0.387511522,-1.63562429,-8.67751122,-1.87465739,9.02773285,0,0,0,0,3
4503599979692032,1224979510961635787,-21.8103561,-113.347748,-24.5050621,0.393632174,-1.63456798,-8.67770958,-1.87465703,9.02773285,0,0,0,0,4
4503599996469248,1224979510961635802,-4.34633493,-114.71109,30.0163155,0.395875514,-0.148152381,-4.81800079,1.26040995,4.98346043,0,0,0,0,2
4503599862251520,1224979510961635815,105.161003,47.1824608,-41.3406792,0.408497423,6.05754375,2.75565815,-2.38687897,7.07077408,0,0,0,0,3
4503599946137600,1224979510961635829,14.95541,-113.061745,-58.8303947,0.428073764,1.23376369,-9.06681728,-4.72016144,10.2966223,0,0,0,0,2
4503599778365440,1224979510961635872,51.4392204,-102.227989,13.7298803,0.384521127,2.93870807,-5.76401758,0.776219904,6.51717615,0,0,0,0,2
4503599744811008,1224979510961635942,103.102821,-47.8173485,7.01722479,0.379885823,5.36064529,-2.44866323,0.363884658,5.90559435,0,0,0,0,2
4503599744811008,1224979510961635956,104.766579,-48.5771446,7.13015699,0.385999441,5.36110067,-2.44766665,0.363884926,5.90559435,0,0,0,0,3
4503599761588224,1224979510961635970,91.9313507,67.1751785,15.51898,0.383490562,2.73834181,2.04315996,0.465695947,3.44979048,0,0,0,0,3
4503600046800896,1224979510961635970,91.6167603,67.5308914,16.4377327,0.390436321,0.430339903,0.359542698,0.0809628665,0.576352358,0,0,0,0,3
4503599660924928,1224979510961635983,111.816322,-19.5777569,-22.6085052,0.386141807,6.33102083,-1.07397759,-1.27890241,6.54843569,0,0,0,0,3
4503599660924928,1224979510961635997,113.349388,-19.8377056,-22.9181881,0.391431063,6.33117676,-1.07305932,-1.27890205,6.54843569,0,0,0,0,4
4503599912583168,1224979510961636026,75.777977,85.4300995,57.1818542,0.426270247,1.76970077,2.04663682,1.35481322,3.02774596,0,0,0,0,2
4503599811919872,1224979510961636039,64.5903244,94.1188126,-0.894637644,0.380877793,2.59736514,3.84520268,-0.036343243,4.64159155,0,0,0,0,3
4503599694479360,1224979648400588812,169.711395,3.94406056,41.2901382,0.582794189,9.60975266,0.274173677,2.33835292,9.89452267,0,0,0,0,3
4503599912583168,1224979648400588841,111.653465,127.435822,84.8432159,0.632470429,1.74454522,2.06810546,1.35483718,3.02774596,0,0,0,0,3
4503599912583168,1224979648400588855,112.66777,128.638672,85.6310959,0.638343632,1.74382484,2.06871247,1.35483789,3.02774596,0,0,0,0,4
4503599811919872,1224979648400588867,95.7200546,140.564514,-1.33241916,0.567437947,2.56954265,3.86385059,-0.0363200083,4.64159155,0,0,0,0,4
4503599828697088,1224979648400588951,13.5337172,168.951904,-45.7025528,0.585600317,0.675572276,9.06925869,-2.45219159,9.41977978,0,0,0,0,4
4503599828697088,1224979648400588965,13.6558332,170.592468,-46.1461372,0.591284156,0.674589694,9.06933212,-2.45219111,9.41977978,0,0,0,0,5
4503599895805952,1224979648400589007,-22.4936008,168.459885,-33.0717392,0.577652752,-0.77880162,5.44811058,-1.07089388,5.60771084,0,0,0,0,3
4503599845474304,1224979648400589050,-59.8011055,159.414673,38.4937325,0.58309418,-0.752479255,1.86073351,0.453746527,2.06048632,0,0,0,0,3
4503600013246464,1224979648400589105,-105.737991,133.798355,-15.4321556,0.571371973,-2.59405756,3.20009613,-0.372763306,4.13761616,0,0,0,0,4
4503599795142656,1224979648400589133,165.091019,41.1265793,-22.5520821,0.572522461,8.49059486,2.16764402,-1.16151285,8.84020138,0,0,0,0,4
4503599879028736,1224979648400589204,-158.592636,59.7411461,7.22473335,0.565868258,-7.1563139,2.64151359,0.325197518,7.63592434,0,0,0,0,3
4503599879028736,1224979648400589218,-160.114395,60.302742,7.29388332,0.571284354,-7.15665054,2.64060187,0.325197458,7.63592434,0,0,0,0,4
4503599728033792,1224979648400589287,163.815292,48.8520393,-58.4575958,0.602671027,8.33147049,2.53798103,-2.97830963,9.20522881,0,0,0,0,4
4503600030023680,1224979648400589358,-158.088287,-64.070343,14.4103184,0.571419418,-2.66941404,-1.13698828,0.245100558,2.91371799,0,0,0,0,3
4503599711256576,1224979648400589385,-146.534348,-87.6539536,-30.1558666,0.579618573,-1.38611579,-0.888729811,-0.290758163,1.67536914,0,0,0,0,3
4503599962914816,1224979648400589428,-113.859558,-125.775185,72.2671738,0.615237117,-3.36735272,-3.79543495,2.16122317,5.51601648,0,0,0,0,3
4503599862251520,1224979648400589441,154.738708,69.8830032,-60.8977966,0.601748824,6.0439558,2.78535318,-2.38685727,7.07077408,0,0,0,0,4
4503599929360384,1224979648400589469,-101.554176,-137.496368,-24.3575954,0.576003373,-4.14141035,-5.69330406,-1.00321782,7.11214447,0,0,0,0,4
4503599677702144,1224979648400589470,-99.720253,-138.460831,69.7055359,0.614916742,-3.49349117,-4.93809891,2.47100616,6.53500843,0,0,0,0,4
4503599979692032,1224979648400589539,-31.8008652,-166.930374,-36.0765533,0.579509616,-1.60247409,-8.68369579,-1.87464702,9.02773285,0,0,0,0,5
4503599996469248,1224979648400589568,-5.85555077,-169.969284,44.4707832,0.586508453,-0.115050405,-4.81890106,1.26042533,4.98346043,0,0,0,0,3
4503599946137600,1224979648400589608,22.5934982,-168.435333,-87.6649475,0.637886047,1.26691175,-9.06225014,-4.72015238,10.2966223,0,0,0,0,3
4503599778365440,1224979648400589666,76.6730347,-151.410492,20.3617916,0.570255756,2.96816826,-5.7489028,0.776218593,6.51717615,0,0,0,0,3
4503599744811008,1224979648400589806,155.196396,-71.4301529,10.548748,0.571063101,5.37478971,-2.41745782,0.363893002,5.90559435,0,0,0,0,4
4503599660924928,1224979648400589847,167.915604,-28.9412498,-33.9357681,0.579608798,6.33663273,-1.04037106,-1.27888846,6.54843569,0,0,0,0,5
4503599761588224,1224979648400589876,137.05661,101.193764,23.2219963,0.573825955,2.71796346,2.07018614,0.465719134,3.44979048,0,0,0,0,4
4503600046800896,1224979648400589876,133.598984,104.799477,24.5452118,0.582924604,0.408015311,0.384685665,0.0809864029,0.576352358,0,0,0,0,4
4503599694479360,1729382394349223940,261.029175,6.80959749,63.5126724,0.896451235,9.60802841,0.328881532,2.33838105,9.89452267,0,0,0,0,4
4503599828697088,1729382394349223999,19.8352814,257.002197,-69.5048676,0.890591502,0.622828007,9.07304096,-2.45216393,9.41977978,0,0,0,0,6
4503599895805952,1729382394349224020,-35.5655403,256.835114,-50.4551582,0.881292224,-0.83174938,5.4402833,-1.07087135,5.60771084,0,0,0,0,4
4503600013246464,1729382394349224065,-163.913132,204.595062,-23.7239151,0.878376424,-2.63647842,3.16523814,-0.37276125,4.13761616,0,0,0,0,5
4503599879028736,1729382394349224149,-242.289261,90.3025589,11.0231619,0.863378763,-7.17462969,2.59135485,0.325188756,7.63592434,0,0,0,0,5
4503599795142656,1729382394349224191,250.129715,63.1091347,-34.1942024,0.868089139,8.47742558,2.2186048,-1.16148126,8.84020138,0,0,0,0,5
4503599728033792,1729382394349224209,248.187469,74.8341522,-88.6466293,0.913911223,8.31591606,2.58852577,-2.97827792,9.20522881,0,0,0,0,5
4503600030023680,1729382394349224254,-243.763092,-101.543388,22.3094749,0.884661973,-2.64695978,-1.18833101,0.24507612,2.91371799,0,0,0,0,5
4503599711256576,1729382394349224275,-224.505707,-139.542145,-46.6963501,0.897511959,-1.35502231,-0.935442388,-0.290792465,1.67536914,0,0,0,0,5
4503600030023680,1729382394349224275,-238.008545,-98.9644394,21.7768269,0.863538623,-2.64850545,-1.18488121,0.245078638,2.91371799,0,0,0,0,4
4503599711256576,1729382394349224296,-219.144791,-135.850601,-45.5468216,0.875420332,-1.35723519,-0.932229698,-0.290789872,1.67536914,0,0,0,0,4
4503599644147712,1729382394349224297,-201.90358,-169.104294,117.544922,0.975063145,-0.434447169,-0.466720968,0.283819467,0.705896616,0,0,0,0,5
4503599644147712,1729382394349224318,-197.885422,-164.811462,114.927658,0.953349829,-0.437017232,-0.46431464,0.283820659,0.705896616,0,0,0,0,4
4503599962914816,1729382394349224318,-175.157013,-195.633179,111.854065,0.952260196,-3.32552934,-3.83214927,2.1611948,5.51601648,0,0,0,0,4
4503599929360384,1729382394349224338,-153.584137,-209.595139,-37.0275993,0.875611842,-4.09820604,-5.72447586,-1.00325215,7.11214447,0,0,0,0,5
4503599677702144,1729382394349224339,-151.211548,-211.934372,106.356499,0.938242018,-3.44949961,-4.96894217,2.47097945,6.53500843,0,0,0,0,5
4503599979692032,1729382394349224419,-47.7001572,-254.570572,-54.985939,0.88326025,-1.54996395,-8.69322395,-1.87463713,9.02773285,0,0,0,0,6
4503599862251520,1729382394349224440,235.214554,107.360733,-92.7377243,0.916375101,6.02151966,2.83355927,-2.38682342,7.07077408,0,0,0,0,5
4503599996469248,1729382394349224444,-7.48651838,-258.86853,67.7207947,0.89313668,-0.06178087,-4.8198719,1.26044953,4.98346043,0,0,0,0,4
4503599946137600,1729382394349224482,35.2155876,-256.837616,-133.72905,0.973068416,1.31983018,-9.0546999,-4.72014189,10.2966223,0,0,0,0,4
4503599778365440,1729382394349224506,118.459717,-231.52121,31.2018566,0.873846471,3.01616788,-5.72386646,0.77621156,6.51717615,0,0,0,0,4
4503599744811008,1729382394349224590,238.526596,-108.446747,16.1789494,0.875842512,5.39697075,-2.36752272,0.363905489,5.90559435,0,0,0,0,5
4503599660924928,1729382394349224650,256.049988,-43.0348244,-51.7113533,0.883215785,6.34508228,-0.987558722,-1.27886689,6.54843569,0,0,0,0,6
4503599761588224,1729382394349224653,208.452805,156.472565,35.5308456,0.877948582,2.68483782,2.11296225,0.465754092,3.44979048,0,0,0,0,5
4503600046800896,1729382394349224653,199.546738,173.649979,38.3235054,0.9099226,0.366756916,0.424196482,0.0810251683,0.576352358,0,0,0,0,6
4503600046800896,1729382394349224674,195.117813,168.564575,37.3491211,0.886802793,0.369805098,0.421542287,0.0810225904,0.576352358,0,0,0,0,5
4503599912583168,1729382394349224675,171.767929,200.229065,132.118607,0.98487401,1.70094979,2.10408258,1.35487568,3.02774596,0,0,0,0,6
4503599811919872,1729382394349224695,145.969528,217.102692,-2.04869962,0.872937083,2.52367449,3.89396453,-0.0362821333,4.64159155,0,0,0,0,5
4503599912583168,1729382394349224696,167.913284,195.467453,129.050797,0.962005973,1.70380139,2.10177541,1.35487342,3.02774596,0,0,0,0,5
4503599828697088,1729382394349224776,20.2642918,263.270782,-71.1990433,0.912299991,0.619071901,9.07329845,-2.45216203,9.41977978,0,0,0,0,7
4503599694479360,1729382531788177412,361.597198,10.5679502,87.9916534,1.2419523,9.6057682,0.389171124,2.33841181,9.89452267,0,0,0,0,5
4503599828697088,1729382531788177534,26.640522,361.404236,-97.7148819,1.25206518,0.560246289,9.07712841,-2.45213175,9.41977978,0,0,0,0,8
4503599895805952,1729382531788177576,-51.6374702,358.164886,-70.4182358,1.22999895,-0.892500877,5.43065262,-1.07084525,5.60771084,0,0,0,0,5
4503599845474304,1729382531788177601,-137.347534,336.315277,82.1661453,1.24459732,-0.858519733,1.81424272,0.453769863,2.06048632,0,0,0,0,5
4503599845474304,1729382531788177622,-134.808456,330.937256,80.8215866,1.22423196,-0.855293393,1.81576622,0.453768879,2.06048632,0,0,0,0,4
4503599795142656,1729382531788177663,350.259552,89.6934052,-47.925518,1.21670532,8.46148777,2.27865386,-1.16144943,8.84020138,0,0,0,0,6
4503600013246464,1729382531788177684,-227.426834,279.74588,-32.627697,1.20803916,-2.68154454,3.12714958,-0.372769505,4.13761616,0,0,0,0,6
4503599879028736,1729382531788177789,-337.045288,124.103828,15.3117523,1.19929647,-7.1949048,2.53451848,0.325168401,7.63592434,0,0,0,0,6
4503599728033792,1729382531788177912,342.508057,104.546036,-122.4627,1.26254833,8.29811668,2.64505816,-2.97825551,9.20522881,0,0,0,0,6
4503600030023680,1729382531788177957,-329.078094,-140.844345,30.2430592,1.19931269,-2.62339044,-1.23950291,0.24503842,2.91371799,0,0,0,0,6
4503599711256576,1729382531788177996,-302.972107,-195.773209,-63.7471199,1.2251693,-1.32129776,-0.982489228,-0.290835351,1.67536914,0,0,0,0,6
4503599644147712,1729382531788178021,-263.851288,-241.956543,160.123657,1.32831585,-0.390822917,-0.503826499,0.283800274,0.705896616,0,0,0,0,6
4503599962914816,1729382531788178021,-241.203644,-272.668701,155.075439,1.32023001,-3.27939677,-3.87171698,2.16116619,5.51601648,0,0,0,0,6
4503599677702144,1729382531788178042,-209.803009,-297.264526,148.639938,1.31125927,-3.39839268,-5.00404787,2.47095251,6.53500843,0,0,0,0,7
4503599962914816,1729382531788178042,-237.097427,-267.824524,152.370575,1.29720175,-3.28229833,-3.86925626,2.16116834,5.51601648,0,0,0,0,5
4503599929360384,1729382531788178059,-213.182297,-293.619629,-51.7078323,1.22274327,-4.04781437,-5.76021194,-1.00329256,7.11214447,0,0,0,0,6
4503599677702144,1729382531788178063,-206.296265,-292.10437,146.091354,1.28877604,-3.40148377,-5.00194645,2.47095442,6.53500843,0,0,0,0,6
4503599862251520,1729382531788178143,326.067749,150.617523,-128.827499,1.27300096,5.99560499,2.88801146,-2.38679481,7.07077408,0,0,0,0,6
4503599979692032,1729382531788178164,-65.5385361,-356.6987,-76.9955444,1.23681247,-1.48872781,-8.70392132,-1.87463439,9.02773285,0,0,0,0,7
4503599996469248,1729382531788178189,-8.14633369,-358.768799,93.8447037,1.23765981,-0.00188112329,-4.82026052,1.26047647,4.98346043,0,0,0,0,5
4503599946137600,1729382531788178226,50.3246193,-358.115234,-186.550369,1.35742009,1.380458,-9.04566002,-4.72013283,10.2966223,0,0,0,0,5
4503599778365440,1729382531788178272,166.279861,-321.243408,43.3994827,1.21546006,3.06997347,-5.69518948,0.776209772,6.51717615,0,0,0,0,5
4503599744811008,1729382531788178419,329.944183,-147.99826,22.3295898,1.20878232,5.42069244,-2.31269097,0.363921583,5.90559435,0,0,0,0,6
4503599660924928,1729382531788178479,359.422119,-58.6075363,-72.5305786,1.23881435,6.35442448,-0.925575614,-1.278844,6.54843569,0,0,0,0,8
4503599660924928,1729382531788178500,353.073669,-57.6808929,-71.2528839,1.21699071,6.35386848,-0.929383993,-1.27884531,6.54843569,0,0,0,0,7
4503599761588224,1729382531788178503,285.20752,217.958282,48.9381447,1.20918667,2.64796352,2.15898585,0.465789169,3.44979048,0,0,0,0,6
4503600046800896,1729382531788178524,258.446503,249.285904,52.1843987,1.23872793,0.321397573,0.459511369,0.0810634419,0.576352358,0,0,0,0,7
4503599912583168,1729382531788178547,230.703659,274.720886,179.686066,1.33944511,1.65633249,2.13935733,1.35491502,3.02774596,0,0,0,0,7
4503599811919872,1729382531788178566,198.309097,298.983429,-2.80813217,1.19718969,2.47455931,3.9253602,-0.0362418815,4.64159155,0,0,0,0,6
4503599694479360,1729382669227130884,502.55426,16.9005699,122.312859,1.72636127,9.60196018,0.473774612,2.33844161,9.89452267,0,0,0,0,7
4503599694479360,1729382669227130905,496.735779,16.6145382,120.895851,1.70636177,9.60213184,0.470279634,2.33844137,9.89452267,0,0,0,0,6
4503600046800896,1729382669227130926,333.563538,377.244904,73.6667709,1.74797177,0.244546622,0.504610121,0.081141457,0.576352358,0,0,0,0,9
4503600046800896,1729382669227130947,330.678864,371.34549,72.7165375,1.72545707,0.248093307,0.50287652,0.0811375603,0.576352358,0,0,0,0,8
4503599912583168,1729382669227130948,315.596741,387.993408,250.578842,1.86786246,1.58846676,2.19017506,1.35498643,3.02774596,0,0,0,0,8
4503599811919872,1729382669227130967,273.748047,421.152832,-3.92866778,1.67628038,2.40116835,3.97067904,-0.0361823626,4.64159155,0,0,0,0,7
4503599828697088,1729382669227131132,34.3920555,496.848114,-134.29422,1.72078836,0.478983104,9.08179283,-2.45208287,9.41977978,0,0,0,0,9
4503599895805952,1729382669227131195,-75.5147324,496.799286,-97.7900085,1.70813167,-0.975717783,5.416327,-1.07080925,5.60771084,0,0,0,0,6
4503599845474304,1729382669227131241,-200.366913,462.532013,114.063721,1.72772062,-0.934295714,1.7764008,0.453797072,2.06048632,0,0,0,0,7
4503599845474304,1729382669227131262,-197.382202,456.843811,112.611366,1.70572376,-0.930877864,1.77819443,0.453796029,2.06048632,0,0,0,0,6
4503600013246464,1729382669227131324,-319.750977,385.21283,-45.3121872,1.67766058,-2.74487567,3.07170725,-0.372792989,4.13761616,0,0,0,0,7
4503599795142656,1729382669227131384,484.830597,126.623772,-66.4209595,1.68628824,8.4393158,2.3594625,-1.16141689,8.84020138,0,0,0,0,7
4503599879028736,1729382669227131492,-468.510529,169.606918,21.2415447,1.66381013,-7.22223806,2.45555425,0.325125515,7.63592434,0,0,0,0,7
4503599728033792,1729382669227131614,476.093628,147.839432,-170.482071,1.75762236,8.27216053,2.72517395,-2.97823095,9.20522881,0,0,0,0,7
4503600030023680,1729382669227131702,-457.901642,-204.06752,42.3613205,1.6800195,-2.58542347,-1.31687331,0.244986296,2.91371799,0,0,0,0,7
4503599711256576,1729382669227131762,-415.271667,-283.905518,-88.9679794,1.70973492,-1.26837218,-1.0499084,-0.290899724,1.67536914,0,0,0,0,8
4503599711256576,1729382669227131783,-410.6539,-280.091614,-87.9098663,1.68940747,-1.27066457,-1.04713345,-0.29089728,1.67536914,0,0,0,0,7
4503599644147712,1729382669227131809,-344.855133,-362.561035,224.834076,1.86521745,-0.318557471,-0.552366972,0.283792526,0.705896616,0,0,0,0,7
4503599862251520,1729382669227131845,455.35434,213.92952,-180.457626,1.78319716,5.95764971,2.96554136,-2.38676667,7.07077408,0,0,0,0,8
4503599962914816,1729382669227131851,-326.91568,-375.499329,212.09465,1.80567789,-3.21777844,-3.92310309,2.16112018,5.51601648,0,0,0,0,7
4503599677702144,1729382669227131872,-285.399689,-410.20752,204.15744,1.80103183,-3.33070016,-5.04937601,2.47091293,6.53500843,0,0,0,0,8
4503599929360384,1729382669227131888,-290.669739,-405.256927,-71.0745087,1.68067014,-3.98077345,-5.80673552,-1.00334501,7.11214447,0,0,0,0,7
4503599979692032,1729382669227131993,-88.3806,-494.159698,-106.578156,1.7120136,-1.40621102,-8.71763134,-1.87463987,9.02773285,0,0,0,0,8
4503599996469248,1729382669227132018,-6.9226532,-502.138885,131.337952,1.73210776,0.0841773152,-4.81951141,1.2605319,4.98346043,0,0,0,0,6
4503599862251520,1729382669227132076,450.027405,211.279709,-178.323822,1.76211143,5.95923901,2.96234536,-2.38676763,7.07077408,0,0,0,0,7
4503599946137600,1729382669227132097,72.125267,-496.700409,-258.917419,1.88399589,1.46341157,-9.03260994,-4.7201333,10.2966223,0,0,0,0,6
4503599778365440,1729382669227132165,234.412552,-445.670593,60.4188538,1.69211245,3.14469004,-5.65427637,0.776214004,6.51717615,0,0,0,0,7
4503599778365440,1729382669227132186,231.424561,-440.294434,59.6809387,1.6714462,3.14145875,-5.65607214,0.776213765,6.51717615,0,0,0,0,6
4503599744811008,1729382669227132374,456.839752,-201.089233,30.8240433,1.66856492,5.45257711,-2.23647594,0.363950521,5.90559435,0,0,0,0,7
4503599660924928,1729382669227132455,494.428894,-77.3949432,-99.6762772,1.70248008,6.3657093,-0.844523013,-1.27881718,6.54843569,0,0,0,0,9
4503599761588224,1729382669227132480,394.753143,309.587097,68.4101715,1.69021142,2.59293127,2.22476578,0.465848893,3.44979048,0,0,0,0,7
4503599694479360,1729382806666084377,657.388855,25.2930374,160.030655,2.25870609,9.59690952,0.566895962,2.33845186,9.89452267,0,0,0,0,8
4503599660924928,1729382806666084436,650.561096,-96.9391556,-131.012115,2.23772645,6.37747097,-0.750594079,-1.2787962,6.54843569,0,0,0,0,10
4503599761588224,1729382806666084461,513.719482,414.582642,90.0475922,2.22465301,2.52972531,2.29636788,0.465913028,3.44979048,0,0,0,0,8
4503600046800896,1729382806666084545,392.301971,532.253662,97.7026672,2.31705451,0.151229769,0.539947748,0.0812672898,0.576352358,0,0,0,0,10
4503599912583168,1729382806666084547,406.359619,517.871765,329.940216,2.45936656,1.51062417,2.24451184,1.35508776,3.02774596,0,0,0,0,9
4503599811919872,1729382806666084565,355.041473,558.786194,-5.173944,2.2096417,2.31827641,4.01963949,-0.0361114144,4.64159155,0,0,0,0,8
4503599828697088,1729382806666084771,42.1901894,661.810059,-178.821289,2.29136705,0.379834592,9.08650112,-2.45200396,9.41977978,0,0,0,0,11
4503599828697088,1729382806666084792,41.9350853,655.736694,-177.182373,2.27036524,0.383489311,9.08634663,-2.45200729,9.41977978,0,0,0,0,10
4503599895805952,1729382806666084856,-104.892471,652.174622,-128.556534,2.24558353,-1.0691787,5.39866352,-1.07076824,5.60771084,0,0,0,0,7
4503599845474304,1729382806666084944,-278.281647,602.420654,150.271011,2.27609134,-1.01846886,1.72951245,0.453815013,2.06048632,0,0,0,0,9
4503599845474304,1729382806666084965,-275.079285,596.970764,148.841782,2.25444555,-1.015185,1.73144221,0.453814209,2.06048632,0,0,0,0,8
4503600013246464,1729382806666085066,-427.145935,502.620453,-59.7124939,2.21077275,-2.81554675,3.0070591,-0.372818828,4.13761616,0,0,0,0,8
4503599795142656,1729382806666085129,639.128296,170.680099,-87.6883011,2.22626066,8.41279888,2.45234251,-1.16138959,8.84020138,0,0,0,0,8
4503599879028736,1729382806666085237,-625.006042,221.681931,28.2705002,2.21452117,-7.25359392,2.36133242,0.325059325,7.63592434,0,0,0,0,9
4503599879028736,1729382806666085258,-619.222168,219.797516,28.011282,2.19420958,-7.25245762,2.36481977,0.325061888,7.63592434,0,0,0,0,8
4503599728033792,1729382806666085359,629.084351,199.185699,-225.665405,2.32656074,8.24132919,2.817065,-2.97820687,9.20522881,0,0,0,0,8
4503600030023680,1729382806666085531,-598.746521,-278.763855,55.821537,2.21407676,-2.54046035,-1.4016633,0.244929299,2.91371799,0,0,0,0,8
4503599711256576,1729382806666085633,-534.875305,-388.915405,-117.094902,2.25001335,-1.20517206,-1.12187111,-0.290969849,1.67536914,0,0,0,0,9
4503599644147712,1729382806666085702,-417.364868,-515.150879,300.112885,2.48973823,-0.227032468,-0.595816553,0.283875316,0.705896616,0,0,0,0,8
4503599962914816,1729382806666085702,-428.689453,-502.039246,281.260529,2.39455223,-3.14187407,-3.98417449,2.16107774,5.51601648,0,0,0,0,8
4503599929360384,1729382806666085738,-382.910767,-541.86145,-94.5665512,2.23610854,-3.89854789,-5.86224556,-1.00341094,7.11214447,0,0,0,0,9
4503599677702144,1729382806666085743,-371.868073,-543.569519,269.082611,2.37380815,-3.25068283,-5.10127735,2.47087121,6.53500843,0,0,0,0,9
4503599929360384,1729382806666085759,-379.471802,-536.693298,-93.6817856,2.21518993,-3.90166306,-5.86017323,-1.00340867,7.11214447,0,0,0,0,8
4503599862251520,1729382806666085821,596.774536,285.590668,-237.317795,2.34508038,5.91462088,3.05046868,-2.3867507,7.07077408,0,0,0,0,9
4503599979692032,1729382806666085927,-112.460594,-648.668579,-139.776077,2.24528527,-1.31326568,-8.73211098,-1.87466657,9.02773285,0,0,0,0,9
4503599996469248,1729382806666085953,-2.49996614,-662.945251,173.408401,2.28688288,0.180893153,-4.81682491,1.26063037,4.98346043,0,0,0,0,8
4503599996469248,1729382806666085974,-2.72373009,-656.926514,171.833237,2.26611209,0.177268788,-4.81696081,1.26062644,4.98346043,0,0,0,0,7
4503599946137600,1729382806666086030,98.1424866,-652.201599,-340.246735,2.47578311,1.55651057,-9.01701736,-4.72016478,10.2966223,0,0,0,0,7
4503599778365440,1729382806666086141,313.0979,-584.708496,79.5858383,2.22890806,3.22837615,-5.60691452,0.776222467,6.51717615,0,0,0,0,9
4503599778365440,1729382806666086162,310.043335,-579.399963,78.8510437,2.2083292,3.22517681,-5.60875559,0.776222169,6.51717615,0,0,0,0,8
4503599744811008,1729382806666086392,608.74176,-261.917297,40.9292946,2.21550441,5.48919678,-2.14502573,0.36396262,5.90559435,0,0,0,0,8
4503599694479360,2089670364538863625,822.074585,35.8763695,200.172272,2.8252573,9.59052372,0.666217625,2.33846498,9.89452267,0,0,0,0,9
4503599694479360,2089670364538863626,828.830811,36.3471413,201.819656,2.84850836,9.59023857,0.670299947,2.33846569,9.89452267,0,0,0,0,10
4503599811919872,2089670364538863705,429.293091,690.507446,-6.3492012,2.71417069,2.23870945,4.06449175,-0.0360217951,4.64159155,0,0,0,0,9
4503599811919872,2089670364538863706,432.526489,696.383972,-6.40126705,2.73655057,2.2351532,4.06644821,-0.0360182859,4.64159155,0,0,0,0,10
4503600046800896,2089670364538863707,422.647461,695.811523,121.870476,2.88817668,0.0524650924,0.558239996,0.0814486593,0.576352358,0,0,0,0,11
4503600046800896,2089670364538863708,423.355194,703.703857,123.021614,2.91534615,0.0476911925,0.558666587,0.0814588144,0.576352358,0,0,0,0,12
4503599828697088,2089670364538863907,48.0316658,821.898987,-222.011841,2.84483933,0.283362001,9.09004593,-2.45190978,9.41977978,0,0,0,0,13
4503599828697088,2089670364538863908,48.2413635,828.674744,-223.839493,2.86826062,0.279272527,9.09017372,-2.45190525,9.41977978,0,0,0,0,14
4503599828697088,2089670364538863950,47.8499565,816.105652,-220.449158,2.82481384,0.286858082,9.0899353,-2.45191336,9.41977978,0,0,0,0,12
4503599895805952,2089670364538864034,-137.032288,807.377808,-159.393463,2.78428507,-1.16279221,5.37928486,-1.07073081,5.60771084,0,0,0,0,9
4503599895805952,2089670364538864035,-135.621597,800.840027,-158.092239,2.76155329,-1.15884292,5.38013649,-1.07073236,5.60771084,0,0,0,0,8
4503599845474304,2089670364538864087,-362.382507,737.721924,186.296112,2.82167387,-1.10010636,1.67875779,0.453848451,2.06048632,0,0,0,0,10
4503599845474304,2089670364538864088,-366.195679,743.527527,187.86673,2.84545922,-1.10361528,1.67645264,0.453850061,2.06048632,0,0,0,0,11
4503599795142656,2089670364538864161,795.975708,217.361893,-109.376968,2.77694345,8.38461399,2.54705095,-1.16136777,8.84020138,0,0,0,0,11
4503600013246464,2089670364538864287,-534.544495,614.741028,-73.7648468,2.73095989,-2.88323903,2.94221187,-0.372859746,4.13761616,0,0,0,0,9
4503600013246464,2089670364538864288,-539.26062,619.548767,-74.3744202,2.75352359,-2.88614678,2.93935919,-0.37286219,4.13761616,0,0,0,0,10
4503599879028736,2089670364538864461,-769.042358,267.620392,34.7122612,2.71932769,-7.28134203,2.27433753,0.324996591,7.63592434,0,0,0,0,10
4503599879028736,2089670364538864462,-775.435669,269.615479,34.9975967,2.74169016,-7.28254938,2.27046943,0.324993849,7.63592434,0,0,0,0,11
4503599728033792,2089670364538864619,776.968933,250.630753,-279.207062,2.87857676,8.21036911,2.90607333,-2.97819662,9.20522881,0,0,0,0,9
4503599728033792,2089670364538864620,783.297668,252.872482,-281.502899,2.90224719,8.20901775,2.90988708,-2.97819614,9.20522881,0,0,0,0,10
4503599795142656,2089670364538864623,783.125488,213.464798,-107.597313,2.73175716,8.38697052,2.53927994,-1.16136801,8.84020138,0,0,0,0,9
4503599795142656,2089670364538864624,789.50531,215.397995,-108.480812,2.75418949,8.38580227,2.54313779,-1.16136789,8.84020138,0,0,0,0,10
4503600030023680,2089670364538864799,-738.642944,-359.040039,69.4361038,2.75438428,-2.4919827,-1.48615205,0.24487184,2.91371799,0,0,0,0,9
4503600030023680,2089670364538864800,-744.530273,-362.556793,70.0148544,2.77735567,-2.48985481,-1.48971474,0.2448695,2.91371799,0,0,0,0,10
4503599711256576,2089670364538864917,-649.325195,-501.927582,-145.52684,2.79600954,-1.13696814,-1.19091928,-0.291054934,1.67536914,0,0,0,0,10
4503599711256576,2089670364538864918,-654.145996,-506.990143,-146.762604,2.81973672,-1.13390732,-1.19383276,-0.291059643,1.67536914,0,0,0,0,11
4503599962914816,2089670364538864971,-527.546875,-629.895996,350.096527,2.98062587,-3.06506038,-4.04357719,2.16105628,5.51601648,0,0,0,0,9
4503599962914816,2089670364538864972,-531.650269,-635.313965,352.991241,3.00527191,-3.06180215,-4.0460453,2.1610558,5.51601648,0,0,0,0,10
4503599644147712,2089670364538865013,-464.498413,-675.985291,374.841919,3.10935354,-0.130428463,-0.624014735,0.284113258,0.705896616,0,0,0,0,9
4503599677702144,2089670364538865013,-458.467224,-681.931702,335.758301,2.9620347,-3.16751671,-5.15333796,2.47085357,6.53500843,0,0,0,0,10
4503599644147712,2089670364538865014,-466.082306,-683.706177,378.354645,3.13846493,-0.125787094,-0.624959648,0.284129113,0.705896616,0,0,0,0,10
4503599677702144,2089670364538865014,-462.018158,-687.713196,338.529755,2.98648524,-3.16403818,-5.15547466,2.47085333,6.53500843,0,0,0,0,11
4503599929360384,2089670364538865043,-468.338898,-672.198853,-116.778358,2.76124668,-3.81986737,-5.91380644,-1.00346529,7.11214447,0,0,0,0,10
4503599929360384,2089670364538865044,-472.000458,-677.871216,-117.740677,2.78399754,-3.81643701,-5.91602039,-1.00346816,7.11214447,0,0,0,0,11
4503599862251520,2089670364538865081,738.39679,359.933258,-294.682953,2.91195631,5.86988974,3.13568449,-2.38674569,7.07077408,0,0,0,0,10
4503599862251520,2089670364538865082,744.372864,363.128021,-297.113251,2.93597221,5.86796522,3.13928509,-2.38674569,7.07077408,0,0,0,0,11
4503599979692032,2089670364538865251,-136.014938,-811.498596,-174.705124,2.80635381,-1.21504104,-8.74631023,-1.87470973,9.02773285,0,0,0,0,10
4503599979692032,2089670364538865252,-136.945724,-818.210083,-176.143646,2.82946062,-1.2109853,-8.74687195,-1.87471187,9.02773285,0,0,0,0,11
4503599996469248,2089670364538865305,4.79516888,-817.377136,213.84433,2.82006097,0.274022758,-4.81239796,1.26073492,4.98346043,0,0,0,0,9
4503599996469248,2089670364538865306,5.18201542,-824.120667,215.611023,2.84335518,0.278095931,-4.81216288,1.26073992,4.98346043,0,0,0,0,10
4503599946137600,2089670364538865373,126.980591,-814.064453,-425.058472,3.09290481,1.65342724,-8.99972439,-4.72021437,10.2966223,0,0,0,0,10
4503599946137600,2089670364538865374,128.207977,-820.736816,-428.558197,3.11836982,1.6574235,-8.99898815,-4.72021627,10.2966223,0,0,0,0,11
4503599946137600,2089670364538865415,124.676109,-801.491394,-418.46463,3.04492593,1.64589751,-9.00110626,-4.72021055,10.2966223,0,0,0,0,8
4503599946137600,2089670364538865416,125.875351,-808.041748,-421.89978,3.06992126,1.64982033,-9.00038719,-4.72021246,10.2966223,0,0,0,0,9
4503599778365440,2089670364538865555,389.19104,-714.74292,97.6616669,2.7351377,3.30687356,-5.56097746,0.776234269,6.51717615,0,0,0,0,10
4503599778365440,2089670364538865556,392.616821,-720.499695,98.4653854,2.75764656,3.31035447,-5.55890608,0.776234925,6.51717615,0,0,0,0,11
4503599744811008,2089670364538865805,755.227112,-317.808136,50.6121826,2.73957086,5.52295113,-2.05655479,0.363971114,5.90559435,0,0,0,0,9
4503599744811008,2089670364538865806,761.565308,-320.165771,51.0298271,2.76217461,5.52437782,-2.05271983,0.363971621,5.90559435,0,0,0,0,10
4503599660924928,2089670364538865965,804.736145,-113.947426,-161.901459,2.76535201,6.38773203,-0.657590151,-1.27878892,6.54843569,0,0,0,0,11
4503599660924928,2089670364538865966,811.388733,-114.630165,-163.233231,2.78810024,6.38814449,-0.653570592,-1.27878892,6.54843569,0,0,0,0,12
4503599761588224,2089670364538866017,625.254517,518.603333,110.847321,2.73834896,2.46691179,2.36371064,0.465949714,3.44979048,0,0,0,0,9
4503599761588224,2089670364538866018,630.104309,523.255798,111.763863,2.76098418,2.46409726,2.36664438,0.465951085,3.44979048,0,0,0,0,10
4503599912583168,2089670364538866107,491.549103,649.314941,408.401154,3.04410887,1.43179119,2.29552412,1.35522103,3.02774596,0,0,0,0,10
4503599912583168,2089670364538866108,495.130493,655.066406,411.795105,3.0694015,1.42833912,2.29766965,1.35522795,3.02774596,0,0,0,0,11
4503599694479360,2089670501977817139,1011.39954,50.1652222,246.355972,3.47708154,9.58186626,0.780861914,2.33848166,9.89452267,0,0,0,0,11
4503599694479360,2089670501977817140,1018.06543,50.7098694,247.982834,3.50004244,9.58153534,0.784907341,2.33848238,9.89452267,0,0,0,0,12
4503599912583168,2089670501977817271,595.445007,824.587463,510.484955,3.80479836,1.32650781,2.3577857,1.35547233,3.02774596,0,0,0,0,12
4503599912583168,2089670501977817272,598.800232,830.561829,513.918152,3.83037829,1.3229177,2.35979676,1.35548127,3.02774596,0,0,0,0,13
4503599811919872,2089670501977817303,525.790527,871.392456,-7.93843985,3.39824533,2.12901282,4.12301159,-0.035921976,4.64159155,0,0,0,0,11
4503599811919872,2089670501977817304,528.89801,877.416931,-7.99091482,3.42086315,2.12535095,4.12490034,-0.0359198339,4.64159155,0,0,0,0,12
4503600046800896,2089670501977817389,415.966919,923.034302,155.049515,3.66961646,-0.0852735415,0.554120719,0.0818353742,0.576352358,0,0,0,0,13
4503600046800896,2089670501977817390,414.612335,931.570312,156.311218,3.6992538,-0.0904603079,0.553295195,0.0818518847,0.576352358,0,0,0,0,14
4503599828697088,2089670501977817587,52.8975677,1019.76801,-275.372925,3.52867913,0.163698182,9.09303188,-2.45174718,9.41977978,0,0,0,0,15
4503599828697088,2089670501977817588,53.0177155,1026.52649,-277.195221,3.55203295,0.159601733,9.09310627,-2.45174313,9.41977978,0,0,0,0,16
4503599895805952,2089670501977817757,-181.815308,1003.97449,-198.621933,3.46960545,-1.28184545,5.35216999,-1.07070231,5.60771084,0,0,0,0,10
4503599895805952,2089670501977817758,-183.398361,1010.57343,-199.942184,3.4926703,-1.28585243,5.35120869,-1.07070279,5.60771084,0,0,0,0,11
4503599845474304,2089670501977817895,-476.451111,900.885559,231.322052,3.50351,-1.19895351,1.60963881,0.453887105,2.06048632,0,0,0,0,12
4503599845474304,2089670501977817896,-480.61673,906.465759,232.89679,3.52735567,-1.20234299,1.60710824,0.453888088,2.06048632,0,0,0,0,13
4503600013246464,2089670501977818053,-681.27002,759.989929,-92.4548798,3.4227035,-2.97128391,2.85325837,-0.372948676,4.13761616,0,0,0,0,11
4503600013246464,2089670501977818054,-686.1922,764.711853,-93.072403,3.44555593,-2.9741528,2.85026741,-0.372951955,4.13761616,0,0,0,0,12
4503599795142656,2089670501977818095,985.220337,276.269073,-135.645081,3.4439044,8.34890079,2.66177797,-1.16137195,8.84020138,0,0,0,0,14
4503599795142656,2089670501977818096,991.677795,278.329498,-136.543411,3.46671319,8.34764862,2.66570258,-1.16137254,8.84020138,0,0,0,0,15
4503599879028736,2089670501977818353,-961.013733,325.908234,43.2587624,3.38921952,-7.31668758,2.1579361,0.324916691,7.63592434,0,0,0,0,12
4503599879028736,2089670501977818354,-967.455566,327.806274,43.5448074,3.41164303,-7.31784153,2.15402055,0.324914277,7.63592434,0,0,0,0,13
4503599728033792,2089670501977818553,966.083618,319.054321,-347.97757,3.58760357,8.16905403,3.02025056,-2.9782052,9.20522881,0,0,0,0,11
4503599728033792,2089670501977818554,972.39679,321.390076,-350.279358,3.61133528,8.16764069,3.02406955,-2.9782064,9.20522881,0,0,0,0,12
4503599795142656,2089670501977818557,973.774597,272.625214,-134.053146,3.40348411,8.35111523,2.65482306,-1.16137111,8.84020138,0,0,0,0,12
4503599795142656,2089670501977818558,980.139282,274.650146,-134.938324,3.42595935,8.34988499,2.65869021,-1.16137159,8.84020138,0,0,0,0,13
4503600030023680,2089670501977818817,-905.316711,-463.134979,86.0195236,3.41267753,-2.42886066,-1.58722842,0.244806632,2.91371799,0,0,0,0,11
4503600030023680,2089670501977818818,-911.03717,-466.879089,86.5963593,3.43557882,-2.4265852,-1.59070551,0.244804353,2.91371799,0,0,0,0,12
4503599711256576,2089670501977818975,-780.004578,-649.122192,-180.337311,3.46423483,-1.0477742,-1.27006793,-0.291195333,1.67536914,0,0,0,0,12
4503599711256576,2089670501977818976,-784.437073,-654.509216,-181.571121,3.48791313,-1.0445019,-1.2727592,-0.291200995,1.67536914,0,0,0,0,13
4503599962914816,2089670501977819075,-645.79071,-789.7724,434.792023,3.7017293,-2.96874809,-4.11479521,2.16108084,5.51601648,0,0,0,0,11
4503599962914816,2089670501977819076,-649.762695,-795.282349,437.685028,3.72636032,-2.96542215,-4.11719227,2.16108227,5.51601648,0,0,0,0,12
4503599677702144,2089670501977819117,-563.245117,-856.334595,418.866943,3.69523764,-3.06239104,-5.21648884,2.47086573,6.53500843,0,0,0,0,14
4503599929360384,2089670501977819145,-576.645813,-843.122314,-145.621429,3.44311738,-3.7162683,-5.97943926,-1.00353849,7.11214447,0,0,0,0,12
4503599929360384,2089670501977819146,-580.221558,-848.879333,-146.587463,3.4659543,-3.7127707,-5.98161125,-1.00354064,7.11214447,0,0,0,0,13
4503599677702144,2089670501977819159,-556.76593,-845.314026,413.644897,3.64916801,-3.06904173,-5.2125802,2.4708631,6.53500843,0,0,0,0,12
4503599677702144,2089670501977819160,-560.165527,-851.092529,416.383484,3.6733284,-3.06555462,-5.21463108,2.47086453,6.53500843,0,0,0,0,13
4503599644147712,2089670501977819201,-486.901123,-887.698486,469.992126,3.89716601,-0.00298413006,-0.637220562,0.284723282,0.705896616,0,0,0,0,11
4503599644147712,2089670501977819202,-486.907928,-895.822388,473.622253,3.92718506,0.0019131013,-0.637210608,0.284754753,0.705896616,0,0,0,0,12
4503599979692032,2089670501977819395,-161.377075,-1003.39447,-215.800781,3.46645713,-1.09883189,-8.76165295,-1.87478256,9.02773285,0,0,0,0,12
4503599979692032,2089670501977819396,-162.211975,-1010.06409,-217.227875,3.48937941,-1.09478378,-8.76215935,-1.87478542,9.02773285,0,0,0,0,13
4503599862251520,2089670501977819477,908.735168,452.862061,-364.274719,3.59965181,5.81380081,3.23847651,-2.38677025,7.07077408,0,0,0,0,12
4503599862251520,2089670501977819478,914.611511,456.137726,-366.687592,3.6234951,5.81182003,3.24202847,-2.38677168,7.07077408,0,0,0,0,13
4503599996469248,2089670501977819491,18.8850689,-1019.50659,266.84549,3.51884317,0.396400839,-4.80381966,1.26091158,4.98346043,0,0,0,0,11
4503599996469248,2089670501977819492,19.4466248,-1026.27649,268.622528,3.54227066,0.400508791,-4.80347776,1.26091623,4.98346043,0,0,0,0,12
4503599946137600,2089670501977819599,163.141098,-1004.10669,-524.852295,3.81903291,1.76734507,-8.97801113,-4.72028446,10.2966223,0,0,0,0,12
4503599946137600,2089670501977819600,164.442032,-1010.70764,-528.322998,3.84428644,1.77130497,-8.97722912,-4.7202878,10.2966223,0,0,0,0,13
4503599778365440,2089670501977819741,498.005768,-893.712891,122.791801,3.43891478,3.41535783,-5.49501467,0.776252985,6.51717615,0,0,0,0,14
4503599778365440,2089670501977819742,501.595673,-899.48468,123.607307,3.46175313,3.41886616,-5.49283266,0.776253164,6.51717615,0,0,0,0,15
4503599778365440,2089670501977819783,491.687073,-883.533936,121.35437,3.39865971,3.4091723,-5.49885416,0.776252449,6.51717615,0,0,0,0,12
4503599778365440,2089670501977819784,495.214386,-889.21936,122.15712,3.42114067,3.41262698,-5.49671078,0.776252747,6.51717615,0,0,0,0,13
4503599744811008,2089670501977820161,941.664612,-385.076202,62.8533669,3.40207791,5.56373692,-1.94350886,0.363986373,5.90559435,0,0,0,0,11
4503599744811008,2089670501977820162,948.041687,-387.301331,63.2705116,3.42465401,5.5650897,-1.93963218,0.36398685,5.90559435,0,0,0,0,12
4503599660924928,2089670501977820319,1012.31134,-133.257843,-203.417694,3.47449636,6.39942455,-0.531871915,-1.27879786,6.54843569,0,0,0,0,13
4503599660924928,2089670501977820320,1019.06836,-133.817245,-204.767914,3.49755955,6.39976406,-0.52776891,-1.27879834,6.54843569,0,0,0,0,14
4503599761588224,2089670501977820413,771.056702,663.494385,138.88353,3.43070793,2.37905169,2.45211148,0.465996325,3.44979048,0,0,0,0,11
4503599761588224,2089670501977820414,775.797302,668.386536,139.812668,3.45365214,2.37607765,2.45499325,0.465998113,3.44979048,0,0,0,0,12
